
龟洞一楼 (11001) - 7,42|11,42|15,42|19,40|23,39

龟洞四楼 (11004) - 17,36|17,38|17,40|22,40|28,40

龟洞五楼 (11006) - 40,32|34,32|30,32

阿布一楼 (10001) - 35,6|39,6|35,8|39,8|35,10

阿布五楼 (10005) - 23,33|23,36|29,37

阿布六楼 (10006) - 24,89|29,89|24,93|29,93|35,93

海主人隧道 (31401) - 90,30|84,31|89,34|108,12|107,16

穿山甲洞 (30301) - 18,34|19,36|20,35|31,29|34,27

古代波拉岛 (500) - 273,362|273,355|267,355|268,363|273,370|214,343|209,343|204,343|199,343|203,345

----------------------------------------------------------------------


